0 3 119 122 54 41 28 113 134 44 60 120 92 75 77 106 149 32 116 4 104 93 33 23 129 66 73 1 30 63 21 47 58 
1 117 509 1 30 47 25 113 554 54 893 16 38 88 139 294 203 856 48 135 63 578 166 28 83 775 149 174 348 487 173 175 5 
2 27 230 22 97 161 118 98 105 134 30 70 74 62 31 163 166 234 157 25 61 75 125 156 72 51 13 44 100 137 121 298 220 
3 145 106 137 136 141 3 29 130 78 54 17 115 138 26 16 75 61 122 40 44 46 99 116 121 123 80 148 147 142 103 82 85 
4 294 40 66 107 316 20 111 16 106 315 218 185 231 45 77 211 223 74 207 147 33 297 103 37 262 139 129 137 56 4 54 94 
5 180 98 404 524 308 586 618 51 945 856 264 63 182 238 24 28 221 109 83 14 805 318 639 554 458 138 91 30 80 158 225 530 
6 79 210 114 177 72 160 296 178 22 227 246 208 40 11 30 6 228 131 33 113 174 41 142 59 301 147 290 28 14 71 95 29 
7 7 148 311 125 28 218 262 129 107 52 25 180 228 20 132 34 294 312 55 1 46 144 128 117 79 71 45 97 3 108 58 131 
8 105 133 108 136 88 40 11 42 52 80 25 38 71 122 130 115 46 100 165 155 137 135 89 114 18 124 140 145 173 50 56 65 
9 45 118 15 82 30 50 113 97 39 67 63 178 119 19 23 109 124 180 101 1 59 72 89 28 170 150 85 108 127 65 74 48 
10 29 37 70 27 53 127 38 15 125 121 65 56 59 76 2 138 128 22 57 16 8 95 129 71 7 86 91 51 72 52 0 133 
11 108 15 132 39 29 83 140 31 118 48 5 1 144 54 121 23 25 89 105 113 22 11 98 80 50 116 64 127 115 46 44 99 
12 182 155 132 140 190 203 42 39 75 61 106 114 134 73 17 12 123 47 77 90 58 83 139 36 3 10 172 162 65 84 144 63 
13 124 52 107 106 23 101 88 71 43 45 75 125 46 11 13 39 48 78 93 92 26 82 61 41 91 7 123 8 95 25 89 22 
14 768 833 413 372 311 173 805 411 80 27 945 586 705 879 174 71 162 997 84 63 1 120 54 135 142 167 722 514 348 57 79 49 
15 75 196 12 14 180 84 207 123 24 35 190 188 185 80 60 115 158 225 110 83 93 26 16 66 95 129 98 48 1 193 144 51 
16 42 85 77 172 86 31 80 92 103 102 184 117 121 67 115 60 66 105 16 126 69 81 28 129 140 182 68 141 133 94 52 142 
17 88 83 71 66 32 160 161 55 19 36 126 181 210 1 52 107 76 12 27 151 10 96 18 85 132 87 117 84 148 41 30 63 
18 71 78 137 147 9 127 93 46 48 11 99 189 207 112 129 23 24 95 33 10 29 150 173 12 56 94 121 135 217 153 104 66 
19 678 973 722 162 462 149 41 48 72 238 23 75 515 775 303 493 98 80 44 163 0 68 116 178 552 524 113 69 348 93 399 554 
20 18 104 116 117 49 143 135 73 10 8 109 30 137 50 112 138 97 88 105 106 90 203 211 162 130 39 68 41 46 11 100 1 
21 31 133 241 1 156 14 127 63 290 157 147 18 97 129 103 285 59 67 151 247 117 220 29 20 49 64 92 109 211 128 120 304 
22 135 116 5 82 211 13 94 12 184 37 71 61 124 156 146 32 7 54 107 133 175 145 93 35 29 15 113 4 30 63 164 16 
23 37 70 117 13 158 119 55 112 15 18 21 161 59 67 87 160 126 103 172 30 52 147 186 11 86 100 77 66 23 49 82 83 
24 189 94 217 153 3 87 178 167 80 21 130 49 168 55 67 196 68 52 128 144 22 23 92 37 104 18 19 124 93 109 177 152 
25 4 155 145 207 88 107 116 73 128 75 56 133 44 12 106 38 97 23 25 172 218 134 13 143 144 157 49 173 181 215 28 129 
26 130 100 64 25 97 118 166 84 117 116 108 83 26 173 55 152 105 131 18 2 121 60 31 63 59 112 158 23 29 36 8 71 
27 87 40 304 817 769 61 399 171 704 848 106 130 678 78 39 919 372 166 229 21 102 124 248 462 154 458 400 1010 72 44 137 11 
28 33 23 61 96 168 83 17 117 138 155 38 64 9 139 102 57 6 124 76 52 163 14 106 105 129 140 137 84 12 133 164 160 
29 78 105 1 108 67 39 70 5 7 46 14 16 30 56 42 0 54 15 89 18 64 88 109 145 11 84 75 9 34 37 28 3 
30 389 43 114 51 336 986 966 26 578 833 820 35 122 338 6 776 848 817 973 39 184 225 2 242 315 146 109 71 900 462 856 152 
31 12 149 77 68 72 13 69 180 181 44 217 193 93 89 219 172 107 148 28 82 57 37 24 203 174 59 54 4 73 46 141 182 
32 51 147 114 34 22 179 78 115 35 87 143 86 189 25 23 20 92 113 15 88 210 118 4 112 110 24 96 38 82 124 19 159 
33 137 177 126 44 148 35 3 103 18 130 162 145 151 143 147 109 21 106 97 125 112 115 99 40 169 157 200 45 139 129 49 47 
34 20 6 2 66 97 52 128 101 43 34 16 57 29 110 13 84 37 82 95 58 25 81 53 108 83 125 62 31 123 120 133 138 
35 47 180 29 190 160 31 94 52 72 164 191 109 136 98 99 62 128 43 77 177 114 156 210 74 7 67 157 112 133 142 158 166 
36 36 193 74 123 29 58 79 55 99 100 90 92 83 66 101 190 52 56 40 41 76 189 175 57 3 22 180 132 8 177 168 60 
37 133 136 52 70 29 201 84 166 213 33 34 16 156 91 7 160 25 10 180 109 149 181 50 12 123 309 189 311 94 36 58 173 
38 112 163 76 137 124 6 101 118 39 13 86 91 73 147 200 217 61 64 139 102 42 48 4 78 52 17 27 44 87 1 197 148 
39 166 37 4 68 72 78 98 96 18 9 36 136 115 39 74 69 105 20 19 126 173 129 139 41 5 87 99 70 148 119 89 35 
40 110 28 48 123 100 91 49 126 130 35 70 30 76 98 37 38 96 9 8 23 92 16 81 41 63 60 118 85 57 101 106 3 
41 64 80 33 2 60 107 53 88 49 58 22 85 29 110 108 149 152 154 123 72 32 31 100 13 116 11 119 128 92 82 18 74 
42 116 58 53 179 74 209 61 118 108 210 95 38 109 219 177 80 137 186 191 77 105 83 9 64 75 88 146 19 190 183 163 30 
43 81 19 113 7 67 119 74 70 165 123 69 92 45 72 31 48 41 51 98 35 9 85 131 154 134 127 21 17 115 42 55 157 
44 336 55 994 943 881 338 515 135 30 108 20 138 27 142 74 68 893 820 10 9 29 139 18 127 35 53 348 168 217 229 251 363 
45 37 19 16 100 95 126 66 53 150 87 115 96 110 130 134 34 85 80 158 60 2 4 119 79 81 101 18 180 114 105 127 54 
46 193 74 2 133 102 79 108 32 62 128 117 21 152 103 216 170 203 63 120 67 119 39 88 61 89 159 145 173 1 191 148 166 
47 64 12 200 34 54 135 193 155 88 24 21 217 128 66 14 111 95 19 129 32 158 23 9 173 140 72 189 207 144 30 98 166 
48 240 130 458 994 722 93 338 40 596 229 336 210 348 856 177 891 322 68 41 115 73 169 167 84 67 153 848 363 186 945 881 49 
49 179 43 46 201 59 65 9 69 130 11 169 177 152 170 41 44 91 110 14 93 8 203 2 70 7 73 27 144 19 21 10 37 
50 16 86 60 42 143 88 2 207 144 175 85 89 185 13 31 68 46 200 158 35 9 24 161 126 65 73 80 62 98 11 123 133 
51 78 141 71 97 99 120 164 36 104 18 6 86 67 63 42 147 144 66 132 101 93 85 75 133 17 153 43 89 22 126 156 127 
52 294 180 96 237 42 46 85 8 159 213 60 98 189 225 67 321 296 290 93 214 47 90 19 15 104 84 1 112 43 16 162 145 
53 98 132 74 208 88 9 53 19 70 128 220 108 231 262 146 26 96 175 115 1 274 95 89 47 16 21 20 232 221 297 67 51 
54 78 88 1 121 39 14 46 120 85 61 129 159 30 31 17 116 118 23 95 38 114 15 131 25 56 27 11 119 128 109 83 93 
55 311 73 210 122 598 515 399 63 229 167 196 578 10 891 964 997 190 39 144 186 994 530 848 737 745 586 113 33 127 106 25 218 
56 124 43 122 27 136 86 33 71 29 14 52 84 120 165 166 35 103 8 5 44 50 87 48 41 13 164 69 66 149 127 25 81 
57 165 15 81 93 109 164 144 96 108 88 122 30 98 42 67 1 137 117 0 186 147 28 35 102 173 172 139 154 146 31 148 112 
58 218 98 93 47 7 119 81 190 143 197 200 187 95 46 167 40 92 45 38 140 85 24 89 106 97 132 22 48 2 41 100 51 
59 56 68 0 138 41 72 117 67 38 90 14 125 104 52 44 31 27 22 79 33 77 3 89 8 61 9 23 16 124 131 94 76 
60 85 40 126 138 145 52 4 133 14 16 28 48 36 57 9 90 82 88 136 173 139 91 63 56 78 74 8 35 70 50 72 12 
61 60 23 83 84 39 55 67 30 31 154 93 139 57 129 12 158 44 74 52 138 160 137 90 3 159 16 75 38 69 28 42 1 
62 19 180 72 775 493 552 35 264 91 164 945 113 12 1 98 372 671 978 919 994 9 21 71 64 24 51 65 59 163 167 966 820 
63 4 182 107 93 78 152 20 89 181 170 219 39 73 74 63 30 28 64 82 108 111 139 45 42 72 142 40 191 165 148 141 133 
